(0.000000,0.000000);
(4.274613,1.012071);(4.274613,1.012071)(6.150018,2.301610)(3.787782,0.909768)(4.559652,0.320889)(3.004722,0.694349)(3.654463,1.754432)(4.670248,1.924062)(3.814168,1.569129)(3.216510,0.999432)(5.553231,0.366441)(4.806026,1.276857)(5.253792,1.669052)(5.535416,0.627112)(3.254993,1.742796)(5.133259,1.074197)(3.430152,1.665601)(4.750713,0.867761)(4.083959,1.331379)(5.354881,0.896039)(3.456311,2.197341)(4.945039,0.141588)(4.963091,1.592516)(5.041281,1.405499)(3.597618,1.844020)(3.910247,1.538201)(3.888391,0.275565)(3.426414,1.325971)(5.173920,1.898594)(4.098749,1.006573)(3.766919,0.909926)(5.664905,1.370093)(4.420923,0.934958)(4.565715,0.610162)(5.227562,1.024127)
(6.150018,2.301610);(8.723130,9.786021)(9.567582,2.115305)(3.352244,4.595476)(5.791800,2.359364)(7.480068,2.899275)(5.867824,1.948999)(6.302982,2.147552)(6.081637,2.972623)(7.402057,2.252549)(7.523290,2.164419)(6.421896,3.376941)(6.469577,3.265557)(7.532068,1.803883)(7.052782,3.023916)(7.144003,3.066619)
(8.723130,9.786021);(8.356335,9.984299)(8.361427,8.818671)(9.338478,9.021701)(8.113938,9.734132)(9.112451,8.474139)(7.392455,9.864484)(8.552722,9.466766)(9.401671,9.748064)
(9.567582,2.115305);(8.248675,1.434174)(11.318816,2.570273)(9.871283,2.912794)(9.841594,1.864193)(9.031823,3.039588)(10.237826,1.123243)(10.021605,3.406894)(9.223658,0.968068)(9.366062,0.884931)(10.580721,2.456326)(10.035307,1.674837)(10.310719,0.968973)(10.470809,1.930756)(10.562608,1.807751)
(8.248675,1.434174);(7.786218,2.268475)(7.637906,1.385739)
(3.787782,0.909768);(1.599552,0.631643)(3.427138,2.617847)(2.843426,0.231077)
(3.352244,4.595476);(2.600401,7.522131)(6.538488,6.599527)(2.703329,4.954072)(3.921124,5.147675)(3.838260,4.449906)(1.949605,4.989676)
(2.600401,7.522131);(0.501197,7.636483)(2.047954,6.357077)(1.970188,7.406385)(1.336026,7.461734)(3.059159,8.560967)
(6.538488,6.599527);(6.360743,7.909331)(6.607953,7.361887)(7.370938,6.498870)(6.109593,7.849077)(6.236149,7.912517)(7.642303,6.430140)
(11.318816,2.570273);(11.769437,2.530489)(11.660688,3.335989)
(6.360743,7.909331);(6.165179,8.835909)
(8.356335,9.984299);(6.734379,9.749663)
(9.871283,2.912794);(10.959558,5.896378)(10.884788,3.874026)(9.779044,3.728313)(10.842912,2.997477)(10.460695,3.371109)
(10.959558,5.896378);(11.596197,8.602235)(11.260042,6.145809)
(4.559652,0.320889);(5.663441,0.030150)
(6.607953,7.361887);(6.991361,8.115877)(7.498241,8.136713)(6.576041,8.644671)(6.573265,8.395205)
(1.599552,0.631643);(1.020540,0.164632)(0.905473,0.492175)(1.402805,2.279671)(0.843970,1.419274)(1.305825,2.014283)(0.239760,0.103081)(1.113719,1.129003)(1.528444,1.347036)(0.510786,1.045734)
(11.596197,8.602235);(11.524211,9.104482)(11.170993,9.464693)(11.676446,7.774902)(11.445633,8.937884)
(0.501197,7.636483);(0.861049,7.291561)
(0.861049,7.291561);
(10.884788,3.874026);(11.263589,3.918242)(10.274130,4.756710)(11.328657,4.447267)(11.666512,4.668812)(11.021054,4.005123)(11.032275,5.150832)
(9.841594,1.864193);(10.163401,0.368329)(11.261032,2.150303)(10.844949,1.157259)
(10.163401,0.368329);(10.345359,0.235460)
(11.263589,3.918242);
(8.361427,8.818671);(8.386464,7.190017)(8.346923,7.788798)
(7.786218,2.268475);(8.073603,3.452127)
(8.073603,3.452127);(8.701263,4.634365)
(2.703329,4.954072);
(7.637906,1.385739);
(1.020540,0.164632);
(2.047954,6.357077);(0.383960,4.969871)
(9.031823,3.039588);(9.324997,3.902403)
(8.386464,7.190017);(9.800237,7.289891)
(1.970188,7.406385);(0.948165,7.266601)
(5.791800,2.359364);(5.637535,3.897157)
(5.637535,3.897157);(6.913620,4.702891)(4.759615,5.109647)(5.817928,4.292873)(6.266287,4.680641)(5.414672,4.377191)(4.614093,3.762090)(5.414434,4.975876)
(7.480068,2.899275);(7.603044,4.367554)(8.075492,4.140922)(7.978998,4.011719)(8.645654,3.387123)(8.367545,2.880984)
(6.913620,4.702891);(6.778104,4.926696)(8.335960,4.760501)
(3.921124,5.147675);(3.627197,6.200204)
(10.345359,0.235460);
(4.759615,5.109647);(4.676310,5.846768)
(3.004722,0.694349);(1.756018,0.299857)(2.658914,0.604921)
(10.274130,4.756710);
(6.778104,4.926696);
(7.370938,6.498870);(8.381717,5.931950)(8.442128,6.490681)
(6.109593,7.849077);(4.921492,8.118689)(5.898113,7.977972)
(3.427138,2.617847);(2.907215,3.370977)(3.885816,3.790360)(2.134265,3.271700)
(1.066399,9.844668);(1.042353,8.866076)(2.322529,9.488694)(1.961147,9.315120)
(11.769437,2.530489);
(8.701263,4.634365);
(5.867824,1.948999);
(10.237826,1.123243);(11.468296,0.855273)(10.738980,0.562426)(11.380620,0.804729)(10.937166,0.281654)(10.718187,0.396023)
(5.817928,4.292873);
(6.991361,8.115877);(6.861272,8.900323)
(11.328657,4.447267);(10.869398,5.478862)
(10.021605,3.406894);
(11.468296,0.855273);
(4.921492,8.118689);(3.878242,9.473827)
(6.734379,9.749663);(5.356205,9.804911)
(3.654463,1.754432);
(7.498241,8.136713);
(11.524211,9.104482);
(0.905473,0.492175);(0.188140,1.184503)(0.101791,1.229031)
(10.738980,0.562426);(11.487631,0.234221)
(3.627197,6.200204);(3.137881,7.481942)(3.726290,7.466786)(3.151670,6.779842)
(6.236149,7.912517);
(9.779044,3.728313);(9.625422,4.861895)
(10.842912,2.997477);
(9.625422,4.861895);(9.809786,5.490525)
(1.336026,7.461734);
(11.170993,9.464693);
(1.042353,8.866076);(2.261322,8.441200)(1.559769,7.624736)
(0.383960,4.969871);(0.135405,3.427307)(0.199969,3.901940)(0.014977,4.202083)
(8.381717,5.931950);
(5.663441,0.030150);(6.386013,0.143009)
(9.223658,0.968068);
(9.800237,7.289891);
(0.087061,8.921425);(0.164763,8.346562)(0.169100,7.730385)
(9.338478,9.021701);(10.090744,7.753006)
(11.380620,0.804729);
(6.266287,4.680641);(6.501569,5.971916)(5.872008,5.956887)
(10.460695,3.371109);
(10.090744,7.753006);
(7.642303,6.430140);
(3.137881,7.481942);
(4.670248,1.924062);(4.980752,3.334437)
(8.335960,4.760501);
(0.948165,7.266601);
(11.676446,7.774902);
(3.838260,4.449906);
(9.366062,0.884931);
(6.501569,5.971916);(6.788923,6.327778)
(9.809786,5.490525);
(5.872008,5.956887);(5.397791,7.000502)
(5.414672,4.377191);
(8.113938,9.734132);(6.819253,9.614160)(7.088384,9.488746)
(10.869398,5.478862);
(3.726290,7.466786);(4.686118,7.761796)(4.696574,8.581849)
(3.878242,9.473827);
(4.676310,5.846768);(4.889600,6.725578)
(8.346923,7.788798);
(9.324997,3.902403);
(3.059159,8.560967);
(1.402805,2.279671);(1.312219,3.223748)
(7.603044,4.367554);(7.089583,4.856539)
(8.075492,4.140922);(9.165691,5.006178)(9.280272,4.396615)(8.467100,4.576287)
(6.302982,2.147552);(7.633852,1.609828)
(0.135405,3.427307);
(9.165691,5.006178);(9.014278,6.110721)(9.554759,6.363469)(9.476288,6.270422)
(11.261032,2.150303);(11.734245,1.370090)
(11.260042,6.145809);
(2.261322,8.441200);(3.157097,8.922221)(3.416849,7.740837)(2.880394,7.516467)
(1.949605,4.989676);
(7.089583,4.856539);(7.569202,6.226140)
(5.356205,9.804911);
(0.843970,1.419274);(0.072938,1.744122)
(9.112451,8.474139);
(6.386013,0.143009);(7.447118,0.326144)
(8.442128,6.490681);
(2.907215,3.370977);(1.859090,2.425804)(2.212859,3.832474)
(1.029882,9.152256);(2.198578,8.408319)
(9.014278,6.110721);(9.196836,7.375853)(9.018308,6.627460)
(1.559769,7.624736);(0.546580,6.692702)(1.359327,6.515671)(1.303969,6.805914)(0.365378,6.928986)
(11.445633,8.937884);
(3.157097,8.922221);
(1.305825,2.014283);
(6.081637,2.972623);
(0.546580,6.692702);(0.170869,5.874510)(0.005143,5.789346)
(9.554759,6.363469);(10.383253,7.556633)(9.955083,7.099759)
(1.859090,2.425804);
(7.402057,2.252549);(8.860443,2.458963)(7.671051,1.135087)
(4.614093,3.762090);
(0.872026,9.166755);(1.120931,8.094952)(1.722319,8.118107)
(4.686118,7.761796);
(6.788923,6.327778);(6.763628,7.518726)
(1.359327,6.515671);(1.168817,5.934569)(2.159717,5.268857)(1.331666,5.510817)
(6.576041,8.644671);
(3.151670,6.779842);
(7.523290,2.164419);
(6.861272,8.900323);
(1.303969,6.805914);(1.097528,6.154672)(0.651988,6.245205)(2.511091,6.042502)
(1.097528,6.154672);(2.146474,5.209126)(0.124822,5.060358)(0.607216,5.137987)
(11.734245,1.370090);
(3.416849,7.740837);(4.267522,8.140097)(4.659090,8.042656)
(9.280272,4.396615);(9.620175,4.604439)
(0.199969,3.901940);
(7.978998,4.011719);(8.965980,4.704348)
(9.196836,7.375853);(8.693564,8.477219)(9.820494,8.629494)(9.120204,8.120772)(9.107048,7.873338)(10.031489,8.185170)
(3.814168,1.569129);
(6.165179,8.835909);
(9.476288,6.270422);(10.449955,5.882511)(10.617539,6.678043)(10.308797,6.369955)(10.739099,6.155231)(10.709081,6.603665)(10.314923,6.039689)(9.561173,6.486325)(10.167828,6.489392)
(6.421896,3.376941);(7.498743,3.722262)(7.584491,4.276610)
(5.898113,7.977972);
(0.188140,1.184503);
(0.170869,5.874510);
(0.101791,1.229031);
(3.216510,0.999432);(2.561002,1.090266)
(8.860443,2.458963);(9.235219,2.392164)(9.874697,3.044539)(9.404683,2.625604)
(2.843426,0.231077);(1.384536,0.187773)
(0.239760,0.103081);
(5.553231,0.366441);(5.640075,0.097343)(5.837005,0.270976)(6.431195,0.035648)
(4.806026,1.276857);(6.181889,1.601454)
(5.253792,1.669052);(5.755751,2.134852)(5.567430,1.862208)(6.277021,2.358451)(6.454648,2.187777)
(10.383253,7.556633);(11.717498,7.116699)(10.734507,8.252954)(10.205768,8.358492)(11.068746,8.790152)(10.836717,8.002002)(10.896778,8.096396)(10.394493,8.004883)(11.248841,8.252324)(10.411818,7.626797)(10.760656,8.769140)
(3.885816,3.790360);(4.289876,3.905216)(3.456971,4.240074)
(7.671051,1.135087);(9.026406,0.526668)
(0.072938,1.744122);
(5.414434,4.975876);(4.799961,5.765325)
(11.666512,4.668812);
(7.392455,9.864484);
(0.651988,6.245205);
(1.312219,3.223748);(1.628347,4.186017)(1.551154,4.416715)
(8.693564,8.477219);
(6.819253,9.614160);
(10.449955,5.882511);
(11.660688,3.335989);
(7.498743,3.722262);
(5.535416,0.627112);(6.690821,1.164103)(6.263781,0.468155)(6.997365,0.780648)
(6.469577,3.265557);
(9.820494,8.629494);(10.389679,9.845616)(10.222762,9.982512)
(8.467100,4.576287);(8.807412,5.697423)
(11.717498,7.116699);
(7.584491,4.276610);(7.391413,4.661932)
(2.511091,6.042502);(2.685567,5.822514)(2.672902,4.627934)(2.644528,5.998055)
(10.734507,8.252954);(11.481548,9.290122)
(7.088384,9.488746);
(5.397791,7.000502);
(3.254993,1.742796);
(6.573265,8.395205);(6.480491,9.337524)
(1.628347,4.186017);
(5.133259,1.074197);(6.079255,1.061989)
(9.026406,0.526668);(9.348921,0.809152)
(5.755751,2.134852);(6.733703,2.998576)(6.224586,3.504002)
(1.384536,0.187773);
(6.480491,9.337524);
(10.580721,2.456326);(11.902267,2.183710)(10.912087,3.137290)(11.880587,2.239155)(11.589169,2.778480)(11.641233,2.897310)(11.623183,2.871388)
(4.696574,8.581849);(5.315061,9.824183)
(11.487631,0.234221);
(3.430152,1.665601);(2.236304,2.535539)
(7.532068,1.803883);
(11.902267,2.183710);
(1.551154,4.416715);
(11.021054,4.005123);
(7.391413,4.661932);(8.063032,5.854504)(8.257932,5.679011)
(2.880394,7.516467);(2.911582,6.626664)
(10.617539,6.678043);(11.242237,7.217193)(10.751764,7.285874)(10.899535,7.195325)(11.551825,7.624280)
(10.308797,6.369955);
(8.645654,3.387123);(9.887025,3.892316)(8.994219,3.407658)(9.246163,4.224278)(9.903861,3.448118)(9.425468,4.323622)
(10.205768,8.358492);
(4.289876,3.905216);
(9.235219,2.392164);
(7.633852,1.609828);(8.454920,0.440607)
(1.168817,5.934569);(1.687730,4.678960)(1.463154,4.654099)(1.185719,4.914177)(1.148301,4.681120)
(2.212859,3.832474);
(9.120204,8.120772);
(6.763628,7.518726);
(0.365378,6.928986);
(2.322529,9.488694);(3.453589,9.167287)(3.560733,8.824628)
(1.120931,8.094952);
(4.980752,3.334437);(5.857834,4.530282)(5.815619,3.999113)(5.658061,3.879695)
(6.733703,2.998576);(7.347588,3.953719)(7.064027,3.594640)(7.650629,3.928416)(7.664451,3.843445)(7.762858,3.945285)(7.290610,4.071753)
(0.014977,4.202083);
(11.242237,7.217193);(11.810744,7.792407)
(9.107048,7.873338);
(6.690821,1.164103);(7.077884,1.071737)(7.067283,1.120761)
(2.134265,3.271700);
(4.267522,8.140097);(5.638504,7.727159)(5.693725,8.284254)
(5.857834,4.530282);(6.235974,4.835374)
(4.889600,6.725578);
(10.035307,1.674837);(11.375486,1.251707)(10.874236,0.736243)
(5.815619,3.999113);
(11.032275,5.150832);
(1.113719,1.129003);
(5.567430,1.862208);(6.868458,2.375562)(6.788740,2.579781)(6.719764,2.219215)(6.579616,2.382839)
(11.068746,8.790152);(11.151025,9.759892)(11.841857,9.649556)
(6.235974,4.835374);
(2.146474,5.209126);(1.235394,4.245274)
(10.844949,1.157259);(11.376067,0.744268)
(2.911582,6.626664);(3.941867,5.863573)(4.358469,6.527964)(3.967104,5.623439)(3.202555,5.519485)
(10.836717,8.002002);(11.791748,8.939626)
(9.348921,0.809152);
(1.528444,1.347036);
(10.739099,6.155231);
(7.052782,3.023916);
(3.456971,4.240074);
(5.638504,7.727159);(6.025583,7.517517)(6.801757,7.865700)
(9.887025,3.892316);(11.104388,3.861584)(10.236492,3.998846)(11.037728,4.346088)
(3.453589,9.167287);(3.891690,8.247993)(4.477039,8.569646)(4.206898,8.699296)(4.874072,9.250835)
(6.025583,7.517517);(7.164152,7.268781)
(1.235394,4.245274);(0.651039,3.400620)
(7.569202,6.226140);
(10.896778,8.096396);(11.284839,8.804910)(11.568778,9.203068)
(1.722319,8.118107);(2.307959,8.070356)
(11.104388,3.861584);
(5.693725,8.284254);(6.417627,8.227789)(7.032313,8.512674)(6.219783,8.999359)
(2.236304,2.535539);(1.279886,2.173330)
(10.912087,3.137290);
(4.659090,8.042656);(4.933879,6.736682)
(11.151025,9.759892);
(1.279886,2.173330);(0.355196,2.435937)
(4.799961,5.765325);
(11.880587,2.239155);
(11.589169,2.778480);
(1.687730,4.678960);(1.927902,3.753669)
(0.355196,2.435937);
(10.709081,6.603665);(11.976892,6.675179)(11.874211,7.007906)
(10.394493,8.004883);
(5.640075,0.097343);
(7.347588,3.953719);
(4.750713,0.867761);(5.815123,0.022598)(6.134106,0.546294)
(2.685567,5.822514);(3.407619,4.726828)
(4.083959,1.331379);
(10.751764,7.285874);
(11.248841,8.252324);
(8.454920,0.440607);
(0.510786,1.045734);
(7.447118,0.326144);
(3.941867,5.863573);(3.725549,4.691331)(5.280050,5.536346)(4.516962,5.349983)(5.013431,4.875514)
(3.725549,4.691331);
(0.651039,3.400620);(0.197136,2.666830)
(8.552722,9.466766);
(0.005143,5.789346);
(8.965980,4.704348);(9.948030,5.079613)
(7.064027,3.594640);
(10.389679,9.845616);
(5.354881,0.896039);
(6.801757,7.865700);(7.620544,8.107245)(7.863251,8.897610)
(2.672902,4.627934);(2.450473,3.305914)(3.002773,3.528268)(2.853839,3.526390)
(6.181889,1.601454);(7.543516,1.702125)(7.488178,1.606860)
(3.456311,2.197341);
(2.450473,3.305914);
(3.891690,8.247993);(4.819184,7.713066)
(4.358469,6.527964);
(4.933879,6.736682);
(1.463154,4.654099);(1.185876,3.394383)(1.773532,3.309552)(0.724022,3.732963)(0.983761,4.367487)
(0.164763,8.346562);
(4.945039,0.141588);
(4.963091,1.592516);(5.562251,2.630535)
(5.815123,0.022598);
(6.224586,3.504002);
(11.841857,9.649556);
(5.280050,5.536346);
(9.018308,6.627460);
(0.197136,2.666830);(0.083475,1.898186)
(9.874697,3.044539);
(5.837005,0.270976);(7.229901,0.025114)
(7.620544,8.107245);(8.397700,8.336976)(8.675351,8.263195)
(10.222762,9.982512);
(5.562251,2.630535);(5.850497,3.323408)
(8.063032,5.854504);(8.741560,6.856496)(7.910895,6.094480)
(8.741560,6.856496);
(5.041281,1.405499);
(8.397700,8.336976);(9.175263,9.294948)
(3.597618,1.844020);
(10.031489,8.185170);
(6.417627,8.227789);(6.839160,9.494694)
(9.401671,9.748064);
(4.516962,5.349983);(4.499240,4.119083)(4.794468,3.997175)(5.277838,5.117193)(5.423738,4.862316)
(7.650629,3.928416);
(9.620175,4.604439);(11.000360,5.188183)
(8.367545,2.880984);(9.069770,2.854374)
(5.850497,3.323408);(7.012655,4.121163)
(1.185876,3.394383);(1.207421,1.969591)(1.077180,2.640474)
(3.967104,5.623439);(4.204320,5.006565)(4.881218,4.468122)
(7.229901,0.025114);
(1.773532,3.309552);
(8.257932,5.679011);
(5.658061,3.879695);
(4.819184,7.713066);(5.727913,7.489432)(5.861449,6.928347)(5.831339,8.306446)
(6.868458,2.375562);
(7.077884,1.071737);
(0.724022,3.732963);(0.564699,3.209958)
(0.983761,4.367487);
(10.899535,7.195325);
(9.955083,7.099759);(11.212423,7.733996)
(2.159717,5.268857);(2.364443,3.924195)
(11.976892,6.675179);
(10.310719,0.968973);
(0.083475,1.898186);(0.921615,0.770201)(0.147786,1.098081)(0.473999,0.900950)(0.080634,0.897185)
(7.910895,6.094480);
(2.307959,8.070356);(3.221525,7.765355)(3.628057,7.796403)
(11.284839,8.804910);
(4.499240,4.119083);
(3.221525,7.765355);(4.011369,6.846654)(4.192248,7.036458)
(2.198578,8.408319);
(0.169100,7.730385);
(11.376067,0.744268);
(1.756018,0.299857);
(6.134106,0.546294);(7.264243,0.232527)
(8.994219,3.407658);
(9.175263,9.294948);
(10.411818,7.626797);
(7.164152,7.268781);
(10.314923,6.039689);
(11.000360,5.188183);(11.724310,6.379166)
(2.561002,1.090266);
(3.910247,1.538201);
(11.874211,7.007906);
(6.788740,2.579781);
(5.727913,7.489432);(6.790135,6.683166)(6.890098,7.540544)(6.167328,7.025544)
(1.185719,4.914177);
(6.263781,0.468155);
(6.790135,6.683166);(7.218891,5.263231)
(0.921615,0.770201);
(8.675351,8.263195);
(5.013431,4.875514);
(9.069770,2.854374);(10.226096,3.199661)
(3.002773,3.528268);(3.671350,2.523693)
(0.147786,1.098081);
(11.481548,9.290122);
(7.543516,1.702125);
(0.456466,9.544803);
(3.888391,0.275565);
(7.863251,8.897610);
(3.426414,1.325971);
(7.664451,3.843445);(8.652001,4.229711)
(7.488178,1.606860);
(5.173920,1.898594);
(9.948030,5.079613);
(3.202555,5.519485);(3.519549,4.533236)
(4.011369,6.846654);
(0.473999,0.900950);
(11.641233,2.897310);
(5.315061,9.824183);
(4.794468,3.997175);(5.029831,2.647629)
(10.937166,0.281654);
(6.839160,9.494694);
(11.791748,8.939626);
(11.724310,6.379166);
(9.404683,2.625604);
(9.246163,4.224278);
(7.762858,3.945285);
(6.997365,0.780648);(8.074712,0.732631)(7.914535,0.868021)(8.202550,1.255178)
(7.012655,4.121163);
(7.032313,8.512674);
(11.568778,9.203068);
(6.431195,0.035648);
(0.124822,5.060358);
(3.519549,4.533236);(3.803204,3.263799)
(5.861449,6.928347);(7.282265,6.869965)
(10.236492,3.998846);(11.307120,4.823802)
(8.652001,4.229711);(9.842914,4.781930)
(4.192248,7.036458);
(3.803204,3.263799);
(4.098749,1.006573);
(7.067283,1.120761);
(6.277021,2.358451);(7.338885,3.041651)
(6.079255,1.061989);(7.394537,1.208999)
(3.766919,0.909926);(2.694488,0.779500)
(6.219783,8.999359);(6.887036,9.784402)
(11.307120,4.823802);(11.473045,5.105467)
(9.842914,4.781930);(10.472836,5.217881)
(5.831339,8.306446);(7.043190,8.902173)
(11.810744,7.792407);
(3.407619,4.726828);(3.654908,3.509974)
(5.664905,1.370093);
(10.470809,1.930756);(11.730856,1.372416)
(6.719764,2.219215);
(10.760656,8.769140);
(6.579616,2.382839);
(11.730856,1.372416);
(4.204320,5.006565);
(4.477039,8.569646);(5.273293,8.797288)(5.588192,9.559284)
(7.282265,6.869965);(7.905569,6.978892)(8.634011,7.348333)
(11.375486,1.251707);
(7.043190,8.902173);(7.985241,8.281746)(8.027060,8.161065)
(7.290610,4.071753);
(4.420923,0.934958);
(2.853839,3.526390);
(10.472836,5.217881);
(9.903861,3.448118);
(7.905569,6.978892);
(6.454648,2.187777);
(11.037728,4.346088);
(1.148301,4.681120);
(8.074712,0.732631);
(7.264243,0.232527);
(6.887036,9.784402);
(10.562608,1.807751);
(7.985241,8.281746);(8.620702,9.134967)
(3.671350,2.523693);(3.762117,2.029141)
(8.620702,9.134967);
(7.914535,0.868021);
(0.083909,8.973645);
(5.273293,8.797288);
(5.029831,2.647629);
(2.694488,0.779500);
(11.551825,7.624280);
(3.560733,8.824628);(4.909005,8.462092)(3.918493,8.282364)
(2.364443,3.924195);(3.151084,2.736586)
(4.206898,8.699296);
(5.588192,9.559284);(7.020518,9.252357)
(10.718187,0.396023);
(11.212423,7.733996);
(2.644528,5.998055);
(7.218891,5.263231);
(10.226096,3.199661);
(5.277838,5.117193);
(4.881218,4.468122);(4.775744,3.325484)(6.084950,3.622597)
(4.909005,8.462092);
(3.918493,8.282364);
(1.331666,5.510817);(1.553055,4.534520)
(10.874236,0.736243);
(3.762117,2.029141);
(11.473045,5.105467);
(7.144003,3.066619);
(4.565715,0.610162);
(3.151084,2.736586);
(1.207421,1.969591);(1.541653,1.368233)
(0.564699,3.209958);
(9.561173,6.486325);
(10.167828,6.489392);
(11.623183,2.871388);
(1.927902,3.753669);
(8.807412,5.697423);
(2.658914,0.604921);
(4.775744,3.325484);
(7.338885,3.041651);
(4.874072,9.250835);
(6.084950,3.622597);
(5.227562,1.024127);
(8.027060,8.161065);
(1.961147,9.315120);
(1.077180,2.640474);
(1.541653,1.368233);
(7.020518,9.252357);
(9.425468,4.323622);
(6.890098,7.540544);
(8.634011,7.348333);
(1.553055,4.534520);
(3.654908,3.509974);
(6.167328,7.025544);
(8.202550,1.255178);
(0.080634,0.897185);
(0.607216,5.137987);(0.628943,3.921031)
(5.423738,4.862316);
(7.394537,1.208999);
(3.628057,7.796403);
(0.628943,3.921031);
